# Created by Octave 3.6.4, Thu Aug 07 14:54:37 2014 Московское время (зима) <unknown@osu-uskov>
# name: pv101r
# type: matrix
# rows: 380
# columns: 2
 55 20.2
 55 19.6
 53.875 19.6
 53.875 19.7
 53.875 19.5
 53.875 19.2
 53.875 19.3
 53.875 19.3
 53.125 19.8
 52.375 19.2
 52.375 19.1
 51.625 19.7
 51.625 19.7
 51.625 19.1
 51.625 19.6
 51.625 19.4
 51.625 19.4
 51.625 19
 51.625 19.4
 50.5 19.7
 50.5 19.4
 50.5 19.3
 50.5 19.8
 50.5 19.8
 50.5 19.8
 50.5 19.8
 50.5 20.1
 50.5 19.9
 50.5 20.3
 50.5 20.3
 50.5 20
 50.5 20.5
 50.5 20.5
 50.5 19.6
 50.5 19.7
 50.5 19.7
 50.5 19.3
 50.5 19.7
 50.5 19.7
 50.5 19.5
 50.5 20
 50.5 19.6
 50.5 19.5
 50.5 19.9
 50.5 20.7
 50.5 20.3
 50.5 19.7
 50.5 19.7
 50.5 19.9
 50.5 19
 50.5 20.7
 50.5 19.8
 50.5 19.6
 50.5 19.7
 50.5 20.2
 50.5 20.5
 50.5 20.4
 50.5 20.4
 50.5 20.2
 50.5 20.2
 50.5 19.8
 50.5 20.2
 50.5 20
 50.5 20.1
 50.5 19.9
 50.5 20.4
 50.5 20.1
 50.5 20
 50.5 20.6
 50.5 19.9
 50.5 20.5
 50.5 20
 50.5 20
 50.5 20.6
 50.5 20.5
 50.5 20.5
 50.5 20
 50.5 20.2
 50.5 19.7
 50.5 20.3
 50.5 20
 50.5 20.3
 50.5 20.6
 50.5 20.5
 50.5 20.6
 51.625 20.8
 51.625 20.8
 51.625 20.2
 51.625 19.7
 51.625 19.9
 51.625 20.2
 51.625 20.2
 52.5 20.4
 52.5 20.6
 52.5 20.6
 52.5 20.6
 52.5 20.7
 52.5 20.9
 52.5 20.2
 53.25 19.9
 53.25 20.2
 54 20.2
 54 20.4
 54 20.4
 54 20.7
 54 20.1
 54 20.6
 54 20.4
 54 20.4
 54.75 20.7
 54.75 20.9
 54.75 20.6
 54.75 20.6
 54.75 20.6
 55.5 20.6
 56.625 21
 56.625 20.4
 57.25 21.1
 57.25 21.1
 57.25 20.5
 57.25 20.9
 58 20.4
 58 20.1
 58 20.7
 58 20.8
 58.75 20.6
 58.75 20.7
 58.75 20.4
 58.75 20.1
 58.75 20.6
 59.75 21.1
 59.75 20.6
 59.75 21
 59.75 20.8
 59.75 20.1
 59.75 20.3
 59.75 20.7
 59.75 20.3
 59.75 20.3
 59.75 20.3
 60.625 20.8
 61.25 20.6
 61.25 20.4
 61.25 20.6
 61.25 20.4
 61.25 20
 61.25 19.7
 61.25 19.7
 61.25 19.5
 62 20
 62 20.1
 62 20.6
 62 19.7
 62 19.7
 62.625 19.7
 62.625 20.7
 62.625 19.9
 62.625 20.7
 63.375 20.2
 63.375 20.3
 63.375 20.1
 63.375 20.3
 63.375 20.3
 64 19.6
 64 20
 64 20.6
 64 19.2
 64 20.4
 64 20
 64 20.4
 64 19.4
 64 20.4
 64 20.4
 64 20
 64 20.4
 64 20
 64 20.6
 64 20.9
 64 20.7
 64 20.4
 64 20.4
 64 20.2
 64 20.4
 64.625 20.3
 64.625 20.5
 64.625 20.3
 64.625 20.3
 64.625 20.8
 64.625 20.8
 65.375 20.8
 65.375 20.7
 66 20.5
 66 21.3
 66 20.8
 66 20.2
 66 20.1
 66 20.1
 67.25 20.4
 67.25 20.8
 67.25 19.8
 68.5 20.9
 68.5 20
 69.375 20.6
 69.375 20.6
 69.375 20.8
 69.375 21.2
 69.375 20.5
 69.375 20
 69.375 20.3
 69.375 21.1
 69.375 21
 69.375 21
 70.25 20.5
 70.875 20.6
 70.875 20.3
 70.875 19.9
 70.875 20.8
 70.875 20.5
 70.875 20.4
 70.875 20.4
 71.625 20
 71.625 19.7
 71.625 19.7
 71.625 21
 71.625 20.6
 71.625 19.7
 72.25 20.4
 72.25 19.9
 72.25 20.5
 72.25 20.5
 72.25 20.8
 72.25 20.4
 72.25 20.3
 73 20.7
 73 20.1
 73 20.1
 73.75 20.9
 73.75 20.4
 73.75 20.6
 73.75 20.5
 73.75 20.8
 73.75 20
 75 20.8
 75 20.3
 75 20.1
 75 20.4
 75 19.9
 75 20.2
 75 20.2
 76 20.5
 76 20.1
 76.875 20.6
 76.875 20.2
 77.5 20.2
 77.5 20.2
 77.5 21
 77.5 20.4
 77.5 20.4
 78.375 20.4
 78.375 20.4
 78.375 20.4
 78.375 20.4
 78.375 20.4
 78.375 20.4
 78.375 20.4
 78.375 20.4
 79.25 20.4
 79.25 20.7
 79.25 20.3
 79.25 20.8
 79.25 20.6
 79.25 20.4
 79.25 20.9
 80 20.3
 80 20.3
 80 20.4
 80 20.4
 80 20.2
 80 20.2
 80 19.4
 80 19.4
 80 20.6
 80 20.4
 80.75 20.3
 80.75 20.3
 80.75 20.5
 80.75 20.5
 80.75 19.8
 81.5 20
 81.5 20.9
 81.5 20
 81.5 20.7
 81.5 20.6
 81.5 20
 81.5 20.2
 81.5 20.3
 81.5 20.3
 81.5 19.5
 81.5 20.5
 81.5 20.4
 81.5 20.3
 81.5 20.3
 81.5 20.5
 81.5 20.5
 81.5 20.9
 82.125 19.8
 82.125 19.8
 82.875 20.1
 83.5 20.2
 83.5 20.5
 83.5 20.8
 83.5 20.3
 83.5 20.3
 83.5 20.5
 83.5 20.7
 83.5 19.9
 83.5 20.6
 83.5 20.1
 83.5 19.8
 83.5 20.1
 83.5 20.8
 83.5 20.5
 83.5 20.6
 83.5 20.6
 83.5 20.3
 83.5 19.8
 83.5 20.5
 83.5 20.5
 83.5 20.8
 83.5 20
 83.5 20.7
 83.5 20.3
 83.5 20.9
 83.5 20.7
 84.25 20.4
 84.25 19.5
 84.25 19.9
 85.125 20.1
 85.125 20.1
 85.125 20.4
 85.125 20.8
 85.125 19.9
 85.125 20.6
 85.125 20.6
 85.125 19.4
 85.125 19.4
 85.125 20.6
 85.125 20
 85.125 20
 85.125 20.1
 85.125 20.5
 85.125 20.4
 85.125 20.4
 85.125 20.3
 85.125 20.1
 85.125 19.8
 85.125 21.1
 85.875 20.4
 85.875 20.4
 85.875 20.1
 85.875 19.6
 87 20.6
 87 20.6
 87 19.6
 87 20.1
 87 20
 87 20.1
 87.75 20.3
 87.75 20.3
 88.375 20.2
 88.375 20
 88.375 20.8
 88.375 20.3
 88.375 20.5
 88.375 19.9
 88.375 20.5
 88.375 19.7
 88.375 20.4
 89 20.6
 89 20.3


