# Created by Octave 3.6.4, Thu Aug 07 18:25:20 2014 Московское время (зима) <unknown@osu-uskov>
# name: pv21r
# type: matrix
# rows: 803
# columns: 2
 100 17.9
 100 17.8
 100 17.8
 100 17.8
 100 17.8
 100 17.7
 100 17.7
 100 17.8
 100 17.7
 100 17.7
 100 17.7
 100 17.8
 100 17.7
 100 17.7
 100 17.7
 100 17.7
 100 17.4
 100 17.5
 100 17.5
 100 17.5
 100 17.6
 100 17.6
 100 17.7
 100 17.7
 100 17.7
 100 17.7
 100 18.9
 98.625 17.8
 94.5 17.5
 92.875 17.8
 88 17.4
 84.875 17.2
 84.875 17.2
 81.375 17.2
 77.875 17
 77.875 17
 74.125 17
 70.5 17.3
 67.125 17.3
 67.125 17.3
 63.375 17.6
 59.875 17
 59.875 17
 54.5 17.4
 51.25 17.1
 51.25 17.1
 51.25 17.1
 39.5 17.5
 39.5 17.5
 35.875 17.3
 31.25 17.5
 31.25 17.5
 27.875 17.2
 25.125 17.5
 25.125 17.5
 22.5 17.8
 20 18
 20 18
 17.625 18.4
 17.625 18.4
 10.75 18.6
 10.75 18.6
 8.75 19.2
 7.625 19.3
 7.25 19.7
 7.25 20.2
 7.25 20.1
 7.25 20.6
 7.25 21
 7.25 21.4
 7.25 21.4
 7.25 21.1
 7.25 21.1
 7.25 21.6
 7.25 21.6
 7.25 21.7
 7.25 21.9
 7.25 21.9
 7.25 21.6
 7.25 21.4
 7.25 21.4
 7.25 22.1
 7.25 21.6
 7.25 21.9
 7.25 22.2
 7.25 22.2
 7.25 22
 7.25 22
 7.25 22
 7.25 22.6
 7.25 22.1
 7.25 22.1
 7.25 22.3
 7.25 21.9
 7.25 21.9
 7.25 22.4
 7.25 22.4
 7.25 22.4
 7.25 22.4
 7.25 22.3
 7.25 22.3
 7.25 22.3
 7.25 22.3
 7.25 22.2
 7.25 22.6
 7.25 22.6
 7.25 23
 7.25 22.2
 7.25 22.2
 7.25 22.6
 7.25 22.6
 11.625 22.1
 11.625 22.1
 14.625 22.4
 17.625 22.2
 17.625 22.2
 20.375 21.9
 23.5 22.5
 23.5 22.5
 26 22.3
 28.75 21.9
 28.75 21.9
 31.125 21.8
 33.75 21.1
 33.75 21.1
 36.25 20.5
 36.25 20.5
 36.75 20.3
 36.375 19.2
 35.5 19
 33.5 19.2
 33.5 19.2
 32.375 19
 28.625 19
 28.625 19
 26.875 19.5
 26.875 19.8
 26.875 19.8
 26.875 19.7
 26.875 20.2
 26.875 19.7
 26.875 20.2
 27.75 20.7
 28.125 20.5
 28.125 20.5
 29.75 20.9
 30.5 20.4
 31.5 20.4
 31.5 20
 31.5 20
 31.5 20.1
 31.5 20.1
 31.5 20
 31.5 20.4
 31.5 19.8
 31.5 20.1
 31.5 20.1
 31.5 19.7
 31.5 19.8
 31.5 20.4
 31.5 20.1
 31.5 20.1
 31.5 20.3
 31.875 20.6
 32.875 20.5
 33.875 20.6
 35.375 20.8
 36.25 20.6
 37.375 20.7
 37.875 20.7
 37.875 20
 37.875 20
 37.875 19.6
 37.875 19.1
 37.875 19.9
 37.5 20.1
 37.125 19.5
 36.75 19.9
 36.375 20
 35.625 19.3
 35.25 19.8
 34.5 19.3
 34.5 19.5
 33.625 19.5
 33.625 19.8
 33.625 20.1
 33.625 20.2
 33.625 20.6
 33.625 20
 34.125 20.3
 34.5 20.5
 35.125 20.7
 36.375 20.6
 36.875 20.6
 37.625 20.5
 38.5 20.7
 38.875 20
 39.25 20.6
 39.25 20.4
 39.25 20
 39.25 20.1
 39.25 20.5
 39.25 20
 38.875 20.4
 38.875 20.1
 38.875 20
 38.875 20
 38.875 19.9
 38.875 20.2
 38.875 20.2
 38.875 20.1
 38.875 20.5
 39.25 20.3
 44.5 20.6
 44.5 20.6
 52.375 20.2
 58.125 19.9
 58.125 19.9
 63.25 20
 70.5 19.7
 70.5 19.7
 75.25 19.2
 79.5 19.2
 79.5 19.2
 85.125 19.2
 89.375 18.9
 89.375 18.9
 93 18.8
 93 18.8
 100 18.6
 100 18.6
 100 18.6
 100 18.5
 100 18.4
 100 18.3
 100 18.3
 100 18.1
 100 18.3
 100 18.1
 100 17.7
 100 18.2
 100 18.2
 100 18.4
 100 17.5
 100 17.7
 100 17.6
 100 18
 100 17.6
 100 17.9
 100 17.8
 100 17.7
 100 17.6
 100 17.6
 100 17.6
 100 17.9
 100 17.5
 100 17.2
 100 17.2
 100 18
 100 17.5
 100 17.7
 100 17.3
 100 17.8
 100 17.6
 100 17.5
 100 17.6
 100 17.6
 100 17.2
 100 17.7
 100 17.5
 100 17.8
 100 17.3
 100 17.6
 100 17.7
 100 17.8
 100 17.9
 100 17.6
 100 17.4
 100 17.5
 100 17.7
 100 17.5
 100 17.8
 100 17.7
 100 17.4
 100 17.5
 100 17.2
 100 17.3
 100 17.9
 100 17.6
 100 17.6
 100 17.6
 100 17.2
 100 17.7
 100 17.7
 100 18
 100 17.8
 100 17.4
 100 17.9
 100 17.9
 100 18.2
 100 17.6
 100 18
 100 18
 100 18
 100 18.2
 100 18
 100 17.9
 100 18
 100 18.2
 100 18.1
 100 17.9
 100 18.1
 100 18.4
 100 18
 100 17.8
 100 18
 100 18.2
 100 18.6
 100 18.1
 100 18
 100 18.6
 100 18.1
 100 18.5
 100 18.5
 100 18
 100 18.2
 100 18.6
 100 17.9
 100 18.6
 100 18.4
 100 17.9
 100 17.9
 100 18.3
 100 18.5
 100 18.8
 100 17.9
 100 18.6
 100 17.9
 100 18.6
 100 18.5
 100 18.6
 100 18.3
 100 18.3
 100 18.5
 100 18.6
 100 18.3
 100 18.3
 100 19.2
 100 18.7
 100 18.9
 100 18.1
 100 18.8
 100 18.8
 100 19
 100 19
 100 18.7
 100 19.2
 100 19
 100 18.8
 100 18.9
 100 19
 100 18.7
 100 18.9
 100 19.2
 100 19.1
 100 18.9
 100 19
 100 18.8
 100 18.7
 100 18.4
 100 18.7
 100 19.2
 100 19.2
 100 18.4
 100 19.3
 100 19.4
 100 18.9
 100 19.3
 100 18.8
 100 18.9
 100 18.9
 100 19.2
 100 19.1
 100 19
 100 19
 100 19
 100 19.3
 100 19.1
 100 18.9
 100 19.1
 100 19.6
 100 19.2
 100 19.5
 100 19.3
 100 19.4
 99.125 19
 98.125 19.3
 97.125 19.7
 95.5 19.5
 94.625 19.1
 93.875 19.3
 91.75 19.4
 91.75 19.4
 90.25 19.4
 89.75 19.4
 86.5 19.5
 86.5 19.5
 85.75 19.5
 84.125 19.5
 83.125 19.3
 81.375 19.8
 81 19.9
 80.25 19.4
 79.625 19.4
 79.25 19.5
 78.875 19.3
 78.5 19.3
 78 19.3
 77.25 19.5
 76.875 19.6
 76.125 19.6
 76.125 19.3
 76.125 19.7
 76.125 19.6
 75.625 19.8
 75.25 19.8
 75.25 19.5
 74.875 19.2
 74.875 19.6
 74.5 19.9
 74.5 19.5
 74.5 19.7
 74.5 20
 74.125 19.5
 73.75 19.7
 73.375 19.7
 73.375 19.8
 73.375 20
 73.375 19.7
 73 19.5
 73 19.7
 73 19.7
 72.625 19.7
 72.25 20.1
 72.25 19.9
 72.25 20.5
 71.875 19.4
 71.875 19.8
 71.5 19.8
 71.5 19.9
 71.5 19.6
 71.5 20
 71.5 20
 71.5 19.9
 71.5 19.6
 71.5 19.8
 71.5 19.8
 71.5 19.8
 71.5 19.8
 71.5 19.9
 71.5 19.9
 71.5 19.9
 71.5 19.9
 71.5 19.9
 71.5 20
 71.5 19.5
 71.5 19.5
 71.5 19.6
 71.5 20.2
 71.5 20.3
 71.5 20.2
 71.5 20.2
 71.5 20.4
 71.5 19.6
 71.5 20.4
 71.5 19.8
 71.5 20.1
 71.5 20.2
 71.5 20.1
 71.5 20.1
 71.5 19.6
 71.5 20
 71.5 20
 71.5 19.7
 71.5 19.8
 71.125 19.6
 71.125 19.7
 71.125 19.5
 71.125 19.6
 71.125 19.8
 70.75 20
 70.375 19.5
 70 19.9
 68.625 19.6
 67.875 19.7
 66.125 19.2
 65 19.6
 64.25 18.9
 62.625 19.3
 60.625 18.9
 60.625 18.9
 58.25 19.2
 58.25 19.2
 57 19.1
 54.5 19.1
 54.5 19.1
 53.5 19.8
 52.5 19.7
 51.375 19.3
 50.5 19.6
 48.75 19.1
 47.125 19.2
 45.5 19.5
 45 19.2
 42.625 19.1
 42.625 19.1
 41.375 19.2
 40.625 19.2
 39.25 19.6
 37.875 19.5
 37 19.1
 36.25 19.5
 35.375 19.7
 35 19.7
 33.375 19.4
 33 20.1
 33 19.9
 33 20.1
 33 20.3
 33 20.3
 34.125 20.4
 34.5 20.3
 35.75 20.1
 35.75 20.3
 35.75 19.8
 35.75 20.3
 35.75 20.4
 35.75 20.4
 36.375 20
 36.375 20.3
 36.375 20.4
 37.25 19.8
 37.25 19.7
 37.625 20.2
 37.625 20.2
 37.625 20.2
 38.375 19.9
 38.375 19.9
 38.375 20.2
 38.375 19.9
 38.375 20
 38.375 20.6
 38.875 20.4
 39.75 20.9
 41.375 20.8
 42.375 21
 44.25 20.6
 45.875 20.9
 46.75 20.7
 48.5 20.2
 48.5 20.4
 48.5 20
 48.5 20.2
 48.5 20.3
 48.5 20.1
 48.5 19.9
 48.5 20.1
 49 20.2
 49 20.1
 49 20
 49 20.1
 49.5 20.2
 49.5 19.7
 49.5 20.3
 49.875 19.9
 49.875 19.8
 49.875 20.2
 50.25 20.3
 50.25 20.1
 50.25 20.1
 50.25 20
 50.25 20.2
 50.25 19.9
 49.875 19.9
 49.875 19.8
 49.875 20.2
 49.875 20.1
 49.875 19.9
 49.875 19.5
 49.875 20.2
 49.875 20.1
 49.875 20.2
 49.875 20.2
 49.875 20.2
 50.875 20.1
 50.875 20.1
 50.875 20.5
 50.875 19.7
 50.875 19.9
 50.875 20
 50.875 20.2
 50.875 19.4
 50.875 20
 50.5 19.3
 50.5 19.9
 50.5 19.6
 50.5 20
 50.5 19.8
 50.5 19.6
 50.125 19.8
 50.125 20.1
 50.125 19.9
 49.75 19.6
 49.375 19.6
 48.125 19.3
 47.375 19.4
 46.5 19.6
 46.5 19.8
 46.125 19.7
 46.125 19.8
 46.125 19.7
 46.125 19.7
 46.125 19.7
 46.125 19.5
 45.375 19.8
 45.375 20
 45.375 20.4
 45.375 19.8
 45.375 19.8
 45.375 20
 45.375 19.8
 45.375 19.9
 45.375 19.8
 45.375 19.6
 45.375 19.9
 45.375 20.2
 45 19.7
 45.75 19.7
 50 20
 50 20
 57.5 19.1
 57.5 19.1
 60.75 19.3
 62.5 19
 65.75 19.2
 65.75 19.2
 68.25 18.8
 68.25 18.8
 71.125 18.9
 71.125 18.9
 72.25 18.6
 72.625 18.6
 73.125 18.8
 74.5 18.4
 74.875 18.3
 75.25 18.3
 75.625 18.3
 75.625 18.3
 75.625 17.8
 75.625 18.2
 75.625 18.8
 75.625 17.8
 76.625 18.5
 76.625 17.9
 76.625 18.5
 76.625 18.1
 77 18.6
 78 18.2
 78 18.6
 78.375 18.3
 78.375 18.3
 78.375 18.5
 78.375 18.4
 78.375 17.9
 78.375 18.3
 78.375 17.9
 78.375 18.4
 78.875 17.8
 78.875 18.3
 78.875 17.9
 78.875 18.1
 78.875 18.5
 78.875 18.2
 78.875 18.1
 78.875 18.1
 78.875 18.1
 79.25 18
 79.25 18
 79.75 18.1
 79.75 17.9
 79.75 18.4
 79.75 18.5
 79.75 17.9
 80.125 18.4
 80.625 18.3
 80.625 18.1
 80.625 18
 80.25 17.9
 79.875 18.3
 79.5 17.6
 79.5 17.7
