# Created by Octave 3.6.4, Mon Sep 01 12:26:32 2014 Московское время (зима) <unknown@osu-uskov>
# name: fe
# type: matrix
# rows: 20
# columns: 1
 2.212598535640226
 0.3623879287128342
 5.77508733523793
 4.075568104758201
 10.42719755055883
 13.80275138119325
 17.36646445705285
 11.66561770032119
 15.88206178726681
 21.85961265641076
 20.63194183762872
 22.17460346500075
 25.54326779982942
 24.05249470159476
 28.05059806821272
 28.74530870229167
 32.04179201216702
 33.21730396217843
 35.1883672306015
 39.11401694018823


# name: sigma
# type: scalar
2


# name: x
# type: range
# base, limit, increment
1 20 1


