# Created by Octave 3.6.4, Mon Sep 01 12:26:32 2014 Московское время (зима) <unknown@osu-uskov>
# name: sigma
# type: scalar
2


